カテゴリ,社名・店名,住所,電話番号
イベントプロダクション,九電工グループポータル㈱イベント事業部,福岡市南区那の川1-23-30-4F,092-524-3433
イベントプロダクション,J・B・S㈱,福岡市東区箱崎ふ頭5-9-33,092-633-3335
イベントプロダクション,セレスポ㈱福岡支店,福岡市東区松崎2-24-12,092-663-5550
イベントプロダクション,ナカショウ,福岡市東区青葉1-10-2,092-691-1524
イベントプロダクション,アダチ宣伝社㈲,福岡市南区横手3-40-10,092-558-6641
イベントプロダクション,九電工グループポータル㈱イベント事業部,福岡市南区那の川1-23-30-4F,092-524-3433
イベントプロダクション,翼㈱,福岡市南区老司1-17-13,092-566-0559
イベントプロダクション,ライジング(合同会社),福岡市南区桧原6-20-9,092-565-6767
イベントプロダクション,CarriageProject㈱,福岡市早良区石釜313-3,092-834-8828
イベントプロダクション,九電工グループポータル㈱イベント事業部,福岡市南区那の川1-23-30-4F,092-524-3433
イベントプロダクション,ビッグブラザーズ㈲,福岡市西区姪の浜6-12-27,092-892-1177
イベントプロダクション,インヴァスト(IMVAST),宗像市石丸1-6-27-1-C,0940-62-5390
イベントプロダクション,やまかわ巧芸工場,糟屋郡宇美町障子岳南5-11-20,092-933-2332
イベントプロダクション,PLANDO㈱,糟屋郡篠栗町尾仲444-1-102,092-692-4120
イベントプロダクション,九州芸能,大野城市乙金2-3-39,092-503-6960
イベントプロダクション,ARIA賢介㈱,筑紫野市武蔵5-8-8,092-928-7708
イベントプロダクション,エントリー㈱,春日市日の出5-40-4,092-985-0511
イベントプロダクション,伊都プランニング㈲,糸島市美咲が丘2-3-10,092-332-8883
イベントプロダクション,野外バーベキュー焼肉・海東,糸島市志摩桜井3770-1,092-327-0201
医薬品卸,アステム㈱営業企画部営業企画課,福岡市博多区東比恵3-1-2-10F,092-477-5762
医薬品卸,アステム㈱広域推進部,福岡市博多区,092-433-9206
医薬品卸,アステム㈱薬事監査室,福岡市博多区,092-477-5780
医薬品卸,アステム㈱知財創造部,福岡市博多区,092-477-5766
医薬品卸,アステム㈱価値創造部経営相談室,福岡市博多区,092-477-5775
医薬品卸,アステム㈱メディカル推進部,福岡市博多区,092-477-5757
医薬品卸,アステム㈱メディカル仕入部仕入2課,福岡市博多区,092-477-5781
医薬品卸,医学社㈱,福岡市博多区古門戸5-18-2F,092-281-1566
医薬品卸,大塚製薬㈱福岡支店,福岡市博多区奈良屋13-13,092-262-6500
医薬品卸,カイゲンファーマ㈱福岡営業所,福岡市博多区博多駅東2-9-7,092-441-0832
医薬品卸,カイノス㈱福岡営業所,福岡市博多区博多駅東1-14-34,092-441-6996
医薬品卸,九州東邦㈱福岡営業所,福岡市博多区那珂5-7-7,092-451-3171
医薬品卸,翔薬㈱本社総務部,福岡市博多区山王2-3-5,092-471-2200
医薬品卸,翔薬㈱企画本部経営企画部,福岡市博多区,092-471-2308
医薬品卸,翔薬㈱営業本部,福岡市博多区,092-471-2404
医薬品卸,翔薬㈱営業本部販路統括部,福岡市博多区,092-471-2225
医薬品卸,翔薬㈱営業本部物流統括部,福岡市博多区,092-471-2222
医薬品卸,翔薬㈱管理本部経理部,福岡市博多区,092-471-2215
医薬品卸,翔薬㈱管理本部管理部,福岡市博多区,092-471-2202
医薬品卸,翔薬㈱管理本部人事部,福岡市博多区,092-471-2208
医薬品卸,翔薬㈱管理本部人材開発部,福岡市博多区,092-471-2253
医薬品卸,翔薬㈱福岡配送センター,福岡市博多区山王2-4-5,092-471-2300
医薬品卸,翔薬㈱福岡配送センター受注担当,福岡市博多区,092-471-2230
医薬品卸,太陽薬品㈱,福岡市博多区麦野6-24-16,092-571-6666
医薬品卸,高杉製薬㈱福岡市統括営業本部,福岡市博多区吉塚2-7-26,092-622-4714
医薬品卸,拓邦㈱,福岡市博多区上呉服11-16-7F,092-271-5267
医薬品卸,田中藍㈱福岡営業所,福岡市博多区博多駅前2-19-24,092-472-6331
医薬品卸,富田薬品㈱福岡支店,福岡市博多区竹下2-3-35,092-431-8811
医薬品卸,富田薬品㈱福岡支店病専部,福岡市博多区,092-431-8831
医薬品卸,富田薬品㈱福岡支店受注,福岡市博多区,092-431-8833
医薬品卸,富田薬品㈱福岡支店商品課,福岡市博多区,092-431-8900
医薬品卸,日環商事㈱九州営業所,福岡市博多区浦田1-5-21,092-558-4828
医薬品卸,フォレストホールディングス㈱総務部,福岡市博多区東比恵3-1-2-11F,092-477-5491
医薬品卸,フォレストホールディングス㈱人事部,福岡市博多区,092-477-5500
医薬品卸,フォレストホールディングス㈱システム部,福岡市博多区,092-477-5842
医薬品卸,フォレストホールディングス㈱財務部,福岡市博多区,092-477-5496
医薬品卸,フォレストホールディングス㈱内部監査部,福岡市博多区,092-477-5784
医薬品卸,リードヘルスケア㈱西日本営業本部,福岡市博多区吉塚6-15-11,092-292-4551
医薬品卸,和漢薬研究所㈱九州営業所,福岡市博多区美野島1-4-7-101,092-434-7814
医薬品卸,イスクラ産業㈱,福岡市中央区薬院4-8-28-907,092-522-1586
医薬品卸,救心製薬㈱福岡営業所,福岡市中央区大手門3-4-5,092-771-7803
医薬品卸,三祐㈱,福岡市中央区荒戸1-1-8-302,092-713-0715
医薬品卸,白石薬品㈱九州営業所,福岡市中央区大名2-8-18-6F,092-741-8952
医薬品卸,ゼネル薬工西部㈱,福岡市中央区荒戸2-2-17,092-721-1188
医薬品卸,九州東邦㈱福岡本社,福岡市東区箱崎ふ頭3-4-46,092-641-3141
医薬品卸,九州東邦㈱営業本部,福岡市東区,092-641-3126
医薬品卸,健将㈱,福岡市東区松香台1-2-1,0120-118809
医薬品卸,幸陽堂薬品㈱,福岡市東区青葉7-7-9,092-691-2835
医薬品卸,ヨシタケTS㈱,福岡市南区的場2-22-20,092-582-2451
医薬品卸,九州サンクロン㈱,福岡市早良区高取2-13-1-105,092-821-1933
医薬品卸,翔薬㈱西福岡支店,福岡市早良区小田部7-7-20-2F,092-844-1989
医薬品卸,富田薬品㈱福岡支店福岡西営業所,福岡市西区小戸3-50-18,092-407-6639
医薬品卸,メディカル一光㈱福岡支店,福岡市西区上山門2-42-27,092-883-0005
医薬品卸,翔薬㈱東福岡支店,古賀市新久保2-419-1,092-942-0066
医薬品卸,富田薬品㈱福岡東営業所,福津市津丸1135,0940-42-6161
医薬品卸,アステム㈱東福岡フロント,宗像市稲元3-1-10,0940-32-6153
医薬品卸,九州東邦㈱宗像営業所,宗像市稲元2-5-8,0940-39-9811
医薬品卸,高杉製薬㈱,糟屋郡粕屋町仲原2617,092-621-1231
医薬品卸,シンコー薬品㈱,糟屋郡篠栗町尾仲1137-1,092-931-5533
医薬品卸,アクシス㈱物流センター,糟屋郡新宮町上府676-1,092-941-7211
医薬品卸,アトル㈱ラーニングセンター,大野城市栄町3-4-3,092-593-9701
医薬品卸,恵命堂㈱,大野城市仲畑2-6-1,092-571-7911
医薬品卸,アステム㈱南福岡支店,筑紫野市二日市西2-5-3,092-922-1236
医薬品卸,富田薬品㈱福岡南営業所,筑紫野市紫2-2-5,092-923-6301
イラストレーター,ビーエム・プロ㈲,福岡市中央区大名2-4-38,092-752-7839
イラストレーター,モリトモデザイン,福岡市中央区警固1-1-19-602,092-712-8168
イラストレーター,エイチブンノエムデザインハウス,福岡市南区若久3-5-6,092-512-9236
医療学校,医療事務サービス㈱,福岡市博多区博多駅前3-8-10,092-474-9384
医療学校,医療ビジネス専門学校,福岡市博多区博多駅南3-28-11,092-441-0034
医療学校,大原学園(学校法人)大原スポーツ公務員専門学校福岡校,福岡市博多区上川端14-16,092-271-2281
医療学校,大原学園(学校法人)大原簿記ビジネス専門学校福岡校,福岡市博多区上川端14-16,092-271-2281
医療学校,歯科医療事務センター㈲,福岡市博多区銀天2-1-26-1302,092-586-1499
医療学校,ソラスト㈱福岡支社,福岡市博多区博多駅前3-23-22-5F,092-452-4111
医療学校,福岡メディカルスクール,福岡市博多区博多駅東1-10-23-3F,092-413-5532
医療学校,ILPお茶の水医療福祉専門学校,福岡市中央区大名1-9-51,0120-157421
医療学校,アイジェイケイ医療事務研究会㈱,福岡市中央区天神4-7-7F,092-721-6468
医療学校,医療事務研究会㈱,福岡市中央区天神4-7-7F,092-711-1577
医療学校,日本医療事務協会天神校,福岡市中央区天神1-13-21-7F,092-737-7333
医療学校,日本カイロプラクティックドクター専門学院福岡校,福岡市南区高宮3-2-27-5F,092-522-0048
医療学校,福岡県私設病院協会看護学校,福岡市南区那の川1-5-27,092-521-8485
医療学校,福岡医療専門学校,福岡市早良区祖原3-1,092-833-6120
衣料製造・卸,アールツゥコーポレーション㈲,福岡市博多区豊2-2-57-6,092-437-2666
衣料製造・卸,安部貿易㈱,福岡市博多区吉塚6-11-1,092-629-8762
衣料製造・卸,アンクルデイヴズトレーディング㈱,福岡市博多区博多駅南4-19-5-103,092-710-7377
衣料製造・卸,ICHI㈲,福岡市博多区博多駅南3-7-10-3F,092-483-5830
衣料製造・卸,岩久㈱,福岡市博多区中呉服2-7-2F,092-263-7717
衣料製造・卸,オールイ㈱,福岡市博多区東比恵2-1-18-2F,092-433-1203
衣料製造・卸,サンプレイン㈱,福岡市博多区千代1-16-23,092-643-4741
衣料製造・卸,シー・エル・エヌ㈱,福岡市博多区博多駅南3-7-10,092-452-8380
衣料製造・卸,シーノート㈱,福岡市博多区博多駅南3-17-26,092-473-0652
衣料製造・卸,シャンデール㈱九州支社営業部,福岡市博多区博多駅前1-2-5-4F,092-482-3976
衣料製造・卸,セモア㈱福岡店,福岡市博多区博多駅前2-11-16-103,092-483-8881
衣料製造・卸,セロリー㈱福岡支店,福岡市博多区博多駅前1-6-16,092-411-1715
衣料製造・卸,辰野㈱福岡営業所,福岡市博多区博多駅前3-9-5-804,092-451-9515
衣料製造・卸,チクマ㈱福岡支店,福岡市博多区冷泉5-32-2F,092-281-4580
衣料製造・卸,T&Iインターナショナル㈱,福岡市博多区冷泉1-3-714,092-281-3029
衣料製造・卸,寺内㈱九州店,福岡市博多区博多駅前4-31-5,092-413-8551
衣料製造・卸,BMソリューションズ㈱,福岡市博多区奈良屋5-15,092-262-1500
衣料製造・卸,フライングクロス㈱,福岡市博多区古門戸7-13-2F,092-292-2303
衣料製造・卸,フリーポート,福岡市博多区博多駅東1-1-25-703,092-482-3610
衣料製造・卸,ベルハウス㈱福岡支社,福岡市博多区博多駅前2-10-19,092-452-0892
衣料製造・卸,松尾㈱福岡支店,福岡市博多区豊1-5-26,092-473-8330
衣料製造・卸,マルショウ㈱,福岡市博多区上川端5-120,092-263-1939
衣料製造・卸,ライズカンパニー㈱,福岡市博多区博多駅南3-7-10-5F,092-483-5811
衣料製造・卸,ワープ㈱,福岡市博多区住吉3-13-2-1F,092-282-3600
衣料製造・卸,アトリエブルージュ㈱,福岡市中央区赤坂1-12-6-6F,092-771-8553
衣料製造・卸,アン・セリージェ㈱,福岡市中央区天神4-1-18-6F,092-724-5515
衣料製造・卸,アンファースト㈲,福岡市中央区薬院4-6-27-1F,092-521-0507
衣料製造・卸,ウエルベック㈱,福岡市中央区舞鶴1-1-3-6F,092-737-3766
衣料製造・卸,エクセレントコーポレーション,福岡市中央区高砂1-16-21-3F,092-533-7777
衣料製造・卸,エム・ディ・エス㈲,福岡市中央区薬院3-13-19-103,092-526-8061
衣料製造・卸,川辺㈱,福岡市中央区赤坂1-15-33-1F,092-712-1621
衣料製造・卸,ギンガム㈱,福岡市中央区今泉2-1-35-302,092-731-0201
衣料製造・卸,グッドウィーバー㈲,福岡市中央区高砂1-20-3-105,092-791-7860
衣料製造・卸,クラウディア福岡支店,福岡市中央区天神2-8-38-5F,092-751-1068
衣料製造・卸,ケイブレインズ㈲,福岡市中央区薬院2-15-2-2F,092-715-8055
衣料製造・卸,ジュン㈱福岡エリアオフィス,福岡市中央区天神2-8-128,092-771-3336
衣料製造・卸,ストリーム,福岡市中央区平尾2-7-10,092-521-1657
衣料製造・卸,東光㈱福岡支店,福岡市中央区舞鶴2-1-21-2F,092-406-8755
衣料製造・卸,ナルミトレーディング㈱福岡営業所,福岡市中央区赤坂1-5-11-2F,092-735-7088
衣料製造・卸,NEXT㈱,福岡市中央区舞鶴1-9-3-201,092-781-3550
衣料製造・卸,ファイブスター㈱,福岡市中央区舞鶴3-1-13-3F,092-404-6558
衣料製造・卸,プラスワンインターナショナル㈱福岡支店,福岡市中央区舞鶴1-2-1-1F,092-406-5221
衣料製造・卸,ヘレンチア(HERENCIA)㈲,福岡市中央区大名1-2-20-2F,092-713-5271
衣料製造・卸,アドヴェンチャーホールディングス㈱,福岡市東区多の津2-8-1,092-622-3371
衣料製造・卸,アドヴェンチャーホールディングス㈱人事課,福岡市東区,092-622-2304
衣料製造・卸,アドヴェンチャーホールディングス㈱貿易課,福岡市東区,092-622-3111
衣料製造・卸,アドヴェンチャーグループグロリア,福岡市東区,092-622-3377
衣料製造・卸,アドヴェンチャーグループカプリ,福岡市東区,092-622-2302
衣料製造・卸,アドヴェンチャーグループワーゲン,福岡市東区,092-622-3558
衣料製造・卸,今林㈱,福岡市東区二又瀬新4-2,092-623-8888
衣料製造・卸,エヌティ物流㈲,福岡市東区蒲田3-8371-1-2F,092-957-1307
衣料製造・卸,菅公学生服㈱福岡営業所,福岡市東区多の津4-24-25,092-621-8852
衣料製造・卸,九州ユニフォームセンター㈱,福岡市東区多の津2-3-7,092-621-3322
衣料製造・卸,グランジール㈱,福岡市東区多の津1-14-1-8F,092-627-1200
衣料製造・卸,グランプリファッション,福岡市東区多の津1-14-1-3F,092-409-8601
衣料製造・卸,グローブインターナショナル㈱,福岡市東区原田4-7-30,092-627-5990
衣料製造・卸,グローリー㈱九州出張所,福岡市東区下原1-3-34,092-681-2122
衣料製造・卸,小竹正㈱,福岡市東区多の津1-9-7,092-622-2851
衣料製造・卸,小竹正㈱経理,福岡市東区,092-622-2851
衣料製造・卸,小竹正㈱受渡,福岡市東区,092-622-2851
衣料製造・卸,サザンクロス㈱,福岡市東区多の津4-5-9,092-626-7791
衣料製造・卸,ダンク㈱,福岡市東区多の津1-10-8,092-622-3215
衣料製造・卸,津田産業㈱,福岡市東区多の津1-7-2,092-623-3931
衣料製造・卸,ビルプラン,福岡市東区多の津1-14-1-8F,092-626-8020
衣料製造・卸,リバー㈲,福岡市東区多の津1-14-1-6F,092-622-9001
衣料製造・卸,ワイツー㈱,福岡市東区蒲田2-28-3-5F,092-691-3055
衣料製造・卸,アクト㈱,福岡市南区向野1-13-7,092-557-8971
衣料製造・卸,カージナルウエアー㈱,福岡市南区若久3-28-6,092-408-8080
衣料製造・卸,神力縫製,福岡市南区弥永4-8-11,092-573-1086
衣料製造・卸,セブンデイズ,福岡市南区清水1-20-3,092-292-1882
衣料製造・卸,プランヴェール,福岡市南区西長住3-23-16,092-408-5843
衣料製造・卸,ユーエム商事㈱,福岡市南区塩原2-9-12,092-552-3200
衣料製造・卸,エイチティー・プランニング㈱,福岡市早良区干隈3-29-13-3F,092-407-8904
衣料製造・卸,ジンブロス㈱,福岡市西区姪の浜6-9-21,092-834-5757
衣料製造・卸,KidsOnly㈲,古賀市筵内257-1,092-940-1605
衣料製造・卸,にのじ,宗像市田野2319,0940-72-4563
衣料製造・卸,ハイブリット販売㈱,宗像市東郷1-9-20,0940-36-6290
衣料製造・卸,ファクト㈱,糟屋郡粕屋町大隈1102-1,092-692-1371
衣料製造・卸,サンユース㈱,大野城市中2-3-15,092-504-6701
衣料製造・卸,福岡ニット㈱,筑紫野市美しが丘北3-1-1,092-926-0821
衣料製造・卸(紳士服),グッドヒル㈱福岡支店,福岡市博多区博多駅南1-7-28-6F,092-471-8787
衣料製造・卸(紳士服),ケイズ・コーポレーション㈲,福岡市博多区博多駅南5-2-21,092-483-5821
衣料製造・卸(紳士服),ボブ㈲,福岡市博多区山王1-8-35-104,092-477-7723
衣料製造・卸(紳士服),オンワード樫山㈱福岡支店,福岡市中央区今泉2-5-21,092-712-2111
衣料製造・卸(紳士服),ボストンーナイン㈱,福岡市中央区今泉1-17-21-1F,092-712-3455
衣料製造・卸(紳士服),コンドー㈲,福岡市南区桧原1-17-15,092-555-4222
衣料製造・卸(皮革),GRANT福岡パルコ店,福岡市中央区天神2-11-1-7F,092-235-7267
衣料製造・卸(婦人子供服),アグランディール,福岡市博多区店屋6-25-6F,092-409-0181
衣料製造・卸(婦人子供服),アメリカン商事㈱,福岡市博多区対馬小路12-1,092-291-7454
衣料製造・卸(婦人子供服),アンクロッシュ㈱,福岡市博多区博多駅前2-10-19-4F,092-475-0050
衣料製造・卸(婦人子供服),イデムインターナショナル㈱福岡支店,福岡市博多区博多駅前2-10-19-3F,092-474-8121
衣料製造・卸(婦人子供服),エス・ケイコーポレーション㈱,福岡市博多区博多駅前2-10-19-3F,092-474-1300
衣料製造・卸(婦人子供服),エディフォーメイション㈱,福岡市博多区博多駅東3-9-32,092-471-8950
衣料製造・卸(婦人子供服),エムズグレイシー㈱福岡支店,福岡市博多区博多駅前2-10-19-4F,092-415-5870
衣料製造・卸(婦人子供服),エムツー・カンパニー㈱,福岡市博多区博多駅前3-6-1,092-471-8703
衣料製造・卸(婦人子供服),カロ㈱,福岡市博多区博多駅前2-10-19-4F,092-411-8408
衣料製造・卸(婦人子供服),クリス㈱,福岡市博多区博多駅前2-10-19,092-441-5165
衣料製造・卸(婦人子供服),サザン㈱福岡支店,福岡市博多区博多駅前2-10-19-5F,092-434-2237
衣料製造・卸(婦人子供服),ジュニアー㈱福岡支店,福岡市博多区博多駅東2-9-13,092-451-1345
衣料製造・卸(婦人子供服),ゼニヤ繊維㈱,福岡市博多区博多駅前3-18-28-2F,092-411-6012
衣料製造・卸(婦人子供服),セラピ㈱福岡営業所,福岡市博多区博多駅前2-10-19-5F,092-483-5571
衣料製造・卸(婦人子供服),ハルズアミ㈱,福岡市博多区店屋4-21,092-291-7180
衣料製造・卸(婦人子供服),ビズ(BISES)㈲,福岡市博多区吉塚6-9-6-101,092-612-2597
衣料製造・卸(婦人子供服),プラセットフレール㈱,福岡市博多区上川端1-33,092-292-6337
衣料製造・卸(婦人子供服),ブルーベル㈱,福岡市博多区博多駅前2-12-15-2F,092-461-2061
衣料製造・卸(婦人子供服),フレア㈱,福岡市博多区博多駅前4-18-17,092-471-0863
衣料製造・卸(婦人子供服),マツオインターナショナル㈱,福岡市博多区博多駅前2-10-19-3F,092-431-8600
衣料製造・卸(婦人子供服),丸高衣料㈱福岡支店,福岡市博多区博多駅前2-10-19,092-473-5571
衣料製造・卸(婦人子供服),マルフク㈱福岡店,福岡市博多区博多駅前2-12-12-2F,092-473-0727
衣料製造・卸(婦人子供服),ユービー㈱福岡店,福岡市博多区博多駅前2-10-19,092-473-5211
衣料製造・卸(婦人子供服),ラピーヌ㈱,福岡市博多区博多駅前2-10-19-6F,092-481-5722
衣料製造・卸(婦人子供服),瑠璃,福岡市博多区住吉5-6-18-101,092-473-5035
衣料製造・卸(婦人子供服),ロートレック㈱,福岡市博多区店屋6-25-6F,092-409-9205
衣料製造・卸(婦人子供服),ロープ㈱,福岡市博多区博多駅前3-20-1-1F,092-482-3444
衣料製造・卸(婦人子供服),ワイ・エムカンパニー㈱,福岡市博多区博多駅前2-10-19-2F,092-411-2901
衣料製造・卸(婦人子供服),アナイ福岡大丸店,福岡市中央区天神1-4-2-3F,092-781-5756
衣料製造・卸(婦人子供服),オープランニング㈲,福岡市中央区今泉2-4-51,092-725-2460
衣料製造・卸(婦人子供服),オンワード樫山㈱福岡支店,福岡市中央区今泉2-5-21,092-712-2111
衣料製造・卸(婦人子供服),サンエー・インターナショナル㈱,福岡市中央区大名1-15-33-5F,092-734-0181
衣料製造・卸(婦人子供服),スタイルスペック㈲,福岡市中央区大手門1-8-8-204,092-716-3026
衣料製造・卸(婦人子供服),トゥーフェイス㈲,福岡市中央区薬院1-14-18-201,092-781-7885
衣料製造・卸(婦人子供服),ビバハウス㈱,福岡市中央区薬院4-10-40-4F,092-525-0380
衣料製造・卸(婦人子供服),ボストンーナイン㈱,福岡市中央区今泉1-17-21-1F,092-712-3455
衣料製造・卸(婦人子供服),ホロニック,福岡市中央区赤坂1-5-22-2F,092-721-6326
衣料製造・卸(婦人子供服),アイヴィ,福岡市東区多の津4-12-18-5,092-611-8218
衣料製造・卸(婦人子供服),アッサンブラージュ㈱,福岡市東区若宮4-1-16,092-672-2534
衣料製造・卸(婦人子供服),アドヴェンチャーホールディングス㈱,福岡市東区多の津2-8-1,092-622-3371
衣料製造・卸(婦人子供服),アドヴェンチャーグループグロリア,福岡市東区,092-622-3377
衣料製造・卸(婦人子供服),アドヴェンチャーグループカプリ,福岡市東区,092-622-2302
衣料製造・卸(婦人子供服),アドヴェンチャーグループワーゲン,福岡市東区,092-622-3558
衣料製造・卸(婦人子供服),イノウエ㈱,福岡市東区多の津1-9-2,092-623-1201
衣料製造・卸(婦人子供服),カプリ㈱,福岡市東区多の津2-8-1,092-622-2302
衣料製造・卸(婦人子供服),グロリア㈱営業部,福岡市東区多の津2-8-1,092-622-3377
衣料製造・卸(婦人子供服),グロリア㈱商品本部,福岡市東区,092-623-3303
衣料製造・卸(婦人子供服),グロリア物流センター,福岡市東区土井2-185-1,092-691-8731
衣料製造・卸(婦人子供服),スウィング㈱,福岡市東区多の津1-9-1-1F,092-626-5535
衣料製造・卸(婦人子供服),ステージ㈱,福岡市東区多の津4-4-12,092-624-4815
衣料製造・卸(婦人子供服),セムインターナショナル㈱,福岡市東区多の津1-12-3-2F,092-622-5221
衣料製造・卸(婦人子供服),セムマルマツ㈱,福岡市東区多の津1-10-8-1F,092-622-3136
衣料製造・卸(婦人子供服),パーソンインターナショナル㈲,福岡市東区多の津1-14-1-822,092-612-3611
衣料製造・卸(婦人子供服),フォーサイト㈱,福岡市東区多の津1-10-5,092-623-0700
衣料製造・卸(婦人子供服),フォーサイト㈱モア事業部,福岡市東区,092-623-0701
衣料製造・卸(婦人子供服),フォーサイト㈱エルフ事業部,福岡市東区,092-623-0702
衣料製造・卸(婦人子供服),フォーサイト㈱プーペ事業部,福岡市東区,092-623-0703
衣料製造・卸(婦人子供服),フォーサイト㈱ジョイ事業部,福岡市東区,092-623-0704
衣料製造・卸(婦人子供服),フォーサイト㈱サンレミ事業部,福岡市東区,092-623-0705
衣料製造・卸(婦人子供服),フォーサイト㈱サピーノ事業部,福岡市東区,092-623-0706
衣料製造・卸(婦人子供服),フォーサイト㈱セルファーレ事業部,福岡市東区,092-623-0707
衣料製造・卸(婦人子供服),フォーサイト㈱シェラ事業部,福岡市東区,092-623-0708
衣料製造・卸(婦人子供服),フォーサイト㈱経理部,福岡市東区,092-623-0712
衣料製造・卸(婦人子供服),丸松セム㈱,福岡市東区多の津1-10-8,092-622-2050
衣料製造・卸(婦人子供服),三星ドレス㈱,福岡市東区多の津1-14-1-8F,092-622-2545
衣料製造・卸(婦人子供服),侶丹㈱,福岡市東区多の津1-11-6,092-622-2552
衣料製造・卸(婦人子供服),ワーゲン㈱営業部,福岡市東区多の津2-8-1,092-622-3558
衣料製造・卸(婦人子供服),ワーゲン㈱布帛物流センター,福岡市東区多の津1-6-1,092-622-3555
衣料製造・卸(婦人子供服),ワーゲン㈱ニット物流センター,福岡市東区,092-622-3855
衣料製造・卸(婦人子供服),T-Kコーポレーション,古賀市中央2-9-3-405,092-410-5878
